$ANSIBLE_VAULT;1.1;AES256
63353764366565333161616434303231353061616566353061656361346131373665333463373632
3962376135323263306565363837623838346638396435340a343163643331386438356565353639
64613739663663306166353365316131663535353434636664333165343762303266316339656665
3635303731623236300a316137353063323561623837373162323234366536346432316463613962
65666438343334393239323330643238393331613534323630623132613937343363616433396263
61643761616634343035663964373637373631323037613637653139383365313165633232616238
37633663656434313739316632623530303836613938333034613433326139396563353630383131
63363234626666323261643662303465316133303462636165333066323761303865653631343231
62663363343633313333333062303636366333383234643461643865303966633066376431333032
34353864613734366566383230326663616566316563643565656130623062303366613165393262
31333063346664313034323861346230633364653037626163333135313864656238393562366362
35386233653431323638613835353737376330643462636533353033623731623430653236393634
63393138343533393435343230663765656230666538313633353733323533386634626265663735
34396263383564636131616566656636663235396238353236353435623138363436346433313061
33626266643230623833656238616639616533353438303533643936346334396238376537333238
65373363326232646434366231383064326539623836633433343737613932346338346335313861
61613137616634386333393333623833313963356662313339383431373531643530313334383536
39666433653662376430396161666162343633343530643665313362323337643333643634373437
39323762326164656463346636393638366137303131323538393436323232323235383630656338
31386636613239636639646464633166323364336434653866306532303330633063316334363566
37383866363632383138343764313536323835353765383663323435616537633235393036653939
39313134363136323233616636636433623133393661326439306239333131326161643264643561
38303264333535356436316233666462306331363131356436313334653264613364316466623265
36356639343735336334373438633061633863386332626532356531626132383962383737373761
39313065303965646639336164666438653735386637656232323363363763303337663931666239
61393761333964346331626564623034323832373935316433633061376565633938306134366330
34313630643632663161306661363938336135313439326665333635613639643662373961383134
34366236636664366261633363633335653731643537323465383534393939613932653061363634
37313462613637626235656237366335373662333633666332306166626561663766623261323536
38333063323533393464366539633731323434616236336231353064336564326536633265343633
39633965386466653335353835383864333566313336613962386362633961323332366437633139
33376630323733613063656137333236373866393463383136313839333363346335376664663332
64346434356366373435316161646564373036353762313534616162326665393961653631643532
37333665333564656231323631613863373031386366623563653334303564376133333438373662
39363435306164343061313233353337316563386537613965666466376636366337653365656566
63373264653230313963306534623936396434396565396634303437666139626363336665636234
35646266356432396461643532613033383466326532616665663530306361313336346464653936
36323837616336393134613162663337356237356639383534643833646165316430343435633330
36633438656638363237353038366662636138306531396432356434323932663239383634333337
33653865646462313535616466366432373339323862643631643362616165383932353134623566
30373439393039373565663138306366326639313836333439373063336239363638663934393837
35386263666266656436653233663763316433613134363835353633343832643963646432653663
33613764313833343230666638336564343238343262336536653131643439386163663162323939
31383734373235333565353539323938306464343137306362613834636235656366666230326337
64333436363531643866383866646532636635663635353237643336643835373036316461316166
31356464306530613831653633376638393034623135323831613833336635373736633034386461
62656433343833303937316134626339366237303566306130326636613234313034383734396332
32366562373463353864623132383162623562636230613235613735303031656134343131376130
33366161653064613338633434353032306566323439653338653265303865303130363535623339
66656638316237393265343037356339326561353531343931343364616338393934653061353835
62646234626133613038363663343738613264303462363065363062666362326164646436613732
31633932636438613137373465613036383861323737383836386432376332666136646332393639
30373233323831663330343563646162303335323434356534663862323937663562326634656432
66616662323663323562303835633462613531633033346265393264303161353232353766303161
32623861383466653533633032356433666234656333373066346231376332366631326261313931
32323430376462323661343866643465623931306265366131343437366530656265313238633464
39383134623432336534643566313165383439306461343738656135346164313630396539383463
63353031313133363666353237643636636364323266343534353261626132393039313434633837
65303233343163373232343334663661636132343565613262333261343866343165346133306564
65633032323830353134376630363231663837356664336539386163353231396465616362666563
34376363343566643966653530393638393162363231343538313532333364343138303337346436
39313166336236653161366237666161386665636231633465623836333866353666663133616163
35373432393030316536656366616436653661663833616362643661366633333534626331313334
32643266323161613932306437333430656461313831626639633134623430666439663435636636
35653761363637323632333538383332623533326561313262613964663232383535363165666633
62663866626637366464623137616462373835653363386535636230613737646165663435313336
31616135363436306131616562333037663837663530623063306363616265336666666564323438
64393239636236623939633466343339316266616238323263633934663636326132653336316462
6663
